Match Number,Team Number,Alliance,
1,5530,Blue,9,1,4,8,8,5,9,0,
1,6150,Blue,2,8,7,9,3,2,7,1,
1,6570,Blue,3,1,9,3,5,9,5,3,
1,3641,Red,6,2,5,6,1,2,1,0,
1,240,Red,7,5,3,3,1,3,5,4,
1,4395,Red,7,0,8,3,2,1,2,9,
2,5222,Blue,6,2,1,1,0,3,4,9,
2,68,Blue,6,1,1,6,0,3,9,0,
2,4384,Blue,6,6,2,7,9,4,9,0,
2,6556,Red,5,5,6,5,1,1,0,4,
2,313,Red,9,6,0,9,0,0,0,3,
2,6190,Red,1,3,6,0,1,9,4,4,
3,3668,Blue,0,8,7,6,9,4,0,2,
3,6101,Blue,2,1,5,4,7,9,8,5,
3,6092,Blue,0,6,7,3,3,0,9,6,
3,5708,Red,6,8,6,5,7,9,9,6,
3,1076,Red,1,2,4,3,4,4,5,4,
3,1528,Red,6,7,6,9,4,5,6,1,
4,5053,Blue,5,1,9,4,2,0,1,0,
4,5603,Blue,9,0,0,0,8,4,4,2,
4,6033,Blue,2,8,2,4,4,5,0,6,
4,5066,Red,1,2,7,5,3,9,1,0,
4,2611,Red,2,4,9,6,0,4,4,1,
4,3656,Red,1,4,3,3,3,4,6,1,
Match Number,Team Number,Alliance,
1,5530,Blue,6,9,6,9,7,8,1,0,
1,6150,Blue,0,1,8,2,7,3,1,4,
1,6570,Blue,0,4,5,8,2,7,4,2,
1,3641,Red,1,6,2,6,7,8,0,2,
1,240,Red,9,9,1,9,4,7,5,3,
1,4395,Red,7,6,8,8,1,3,6,7,
2,5222,Blue,4,9,7,2,8,6,6,9,
2,68,Blue,5,4,8,1,6,4,3,2,
2,4384,Blue,1,6,2,8,1,2,9,2,
2,6556,Red,9,1,0,6,9,5,0,7,
2,313,Red,9,4,2,7,1,7,3,3,
2,6190,Red,2,2,4,0,8,4,7,3,
3,3668,Blue,3,5,7,5,0,8,6,1,
3,6101,Blue,0,4,2,7,5,0,0,9,
3,6092,Blue,3,0,1,1,1,5,1,3,
3,5708,Red,2,9,6,9,8,9,4,5,
3,1076,Red,3,7,2,3,7,5,7,1,
3,1528,Red,7,1,7,6,5,6,7,1,
4,5053,Blue,2,4,6,8,2,6,1,8,
4,5603,Blue,4,4,2,1,1,7,2,0,
4,6033,Blue,0,7,3,8,8,6,1,8,
4,5066,Red,3,0,3,0,7,4,7,6,
4,2611,Red,2,4,6,4,2,5,2,7,
4,3656,Red,6,3,8,3,3,6,9,0,
Match Number,Team Number,Alliance,
1,5530,Blue,4,1,4,1,8,6,9,6,
1,6150,Blue,1,7,5,5,8,6,0,7,
1,6570,Blue,3,4,6,0,0,0,6,3,
1,3641,Red,6,8,6,6,9,7,8,4,
1,240,Red,5,6,3,5,7,3,0,5,
1,4395,Red,5,3,0,3,6,7,1,8,
2,5222,Blue,8,6,8,3,6,0,2,3,
2,68,Blue,4,1,4,0,9,3,7,4,
2,4384,Blue,9,1,0,2,3,5,9,9,
2,6556,Red,4,0,4,6,0,3,7,9,
2,313,Red,7,8,8,2,8,4,7,5,
2,6190,Red,3,9,0,6,9,9,6,2,
3,3668,Blue,6,5,4,4,6,9,5,2,
3,6101,Blue,7,8,9,6,5,6,3,1,
3,6092,Blue,4,5,2,1,4,4,5,4,
3,5708,Red,3,5,9,4,4,2,0,4,
3,1076,Red,4,2,9,4,8,2,2,8,
3,1528,Red,3,5,5,0,5,1,9,7,
4,5053,Blue,5,9,2,3,7,4,7,2,
4,5603,Blue,0,0,1,1,0,0,7,4,
4,6033,Blue,7,5,1,2,6,8,2,1,
4,5066,Red,3,4,8,8,9,4,8,2,
4,2611,Red,5,1,8,5,0,6,7,9,
4,3656,Red,5,7,4,8,1,0,7,2,
Match Number,Team Number,Alliance,
1,5530,Blue,9,9,2,4,2,8,4,8,
1,6150,Blue,7,3,4,0,3,2,1,0,
1,6570,Blue,2,2,8,1,8,9,2,5,
1,3641,Red,6,4,6,9,4,2,6,8,
1,240,Red,3,8,8,2,4,4,2,7,
1,4395,Red,8,5,2,0,3,1,3,8,
2,5222,Blue,2,5,2,4,4,6,8,0,
2,68,Blue,6,7,8,7,2,4,4,4,
2,4384,Blue,6,6,6,5,3,9,6,7,
2,6556,Red,0,0,3,3,6,2,1,5,
2,313,Red,1,7,7,8,0,2,3,6,
2,6190,Red,0,8,5,7,6,4,5,4,
3,3668,Blue,1,7,3,7,4,7,5,3,
3,6101,Blue,9,4,4,4,3,4,3,4,
3,6092,Blue,5,2,6,4,7,5,4,4,
3,5708,Red,2,9,5,5,3,9,1,5,
3,1076,Red,4,9,2,9,8,4,0,4,
3,1528,Red,2,3,8,5,7,9,3,5,
4,5053,Blue,5,1,1,3,8,1,6,5,
4,5603,Blue,2,9,4,4,2,9,9,0,
4,6033,Blue,3,8,9,4,1,4,6,1,
4,5066,Red,2,1,1,3,6,9,6,3,
4,2611,Red,6,9,9,2,7,7,7,3,
4,3656,Red,2,6,6,9,0,5,2,2,
Match Number,Team Number,Alliance,
1,5530,Blue,7,1,7,8,7,2,4,9,
1,6150,Blue,3,3,0,6,8,8,7,3,
1,6570,Blue,2,1,4,2,5,9,6,1,
1,3641,Red,3,3,3,2,1,1,1,8,
1,240,Red,2,5,2,7,7,8,0,2,
1,4395,Red,0,7,4,7,5,9,5,7,
2,5222,Blue,8,6,6,8,9,0,0,8,
2,68,Blue,5,6,4,4,8,1,7,1,
2,4384,Blue,2,1,3,3,5,9,6,3,
2,6556,Red,0,1,2,7,4,8,5,4,
2,313,Red,8,5,4,4,5,3,8,1,
2,6190,Red,5,4,2,1,4,6,4,8,
3,3668,Blue,0,2,5,3,5,1,2,8,
3,6101,Blue,0,2,7,8,8,2,3,7,
3,6092,Blue,0,0,6,3,7,2,6,9,
3,5708,Red,3,1,8,1,7,5,9,4,
3,1076,Red,7,3,7,2,3,2,8,6,
3,1528,Red,3,5,4,2,5,0,2,2,
4,5053,Blue,0,4,0,3,9,1,1,8,
4,5603,Blue,6,5,0,4,2,0,1,5,
4,6033,Blue,3,3,0,5,5,1,3,8,
4,5066,Red,1,9,9,1,7,3,3,3,
4,2611,Red,8,6,0,2,4,5,4,6,
4,3656,Red,1,8,5,7,1,4,3,2,
Match Number,Team Number,Alliance,
1,5530,Blue,7,9,9,8,5,1,9,8,
1,6150,Blue,5,7,8,2,8,1,9,9,
1,6570,Blue,7,7,6,0,3,9,3,4,
1,3641,Red,4,2,2,1,7,4,6,9,
1,240,Red,7,3,4,1,0,7,7,5,
1,4395,Red,1,0,0,6,7,6,4,2,
2,5222,Blue,5,6,2,0,1,5,2,7,
2,68,Blue,5,5,3,3,9,7,0,0,
2,4384,Blue,0,8,5,4,7,8,8,9,
2,6556,Red,9,0,8,3,8,6,6,8,
2,313,Red,8,9,5,1,2,5,7,1,
2,6190,Red,1,6,5,4,3,3,6,4,
3,3668,Blue,0,9,6,9,0,9,5,7,
3,6101,Blue,7,2,1,1,6,9,9,8,
3,6092,Blue,8,5,5,9,1,9,8,4,
3,5708,Red,1,3,3,0,2,3,5,6,
3,1076,Red,4,4,2,8,0,7,8,8,
3,1528,Red,4,8,3,9,4,5,5,1,
4,5053,Blue,7,7,6,8,8,6,2,1,
4,5603,Blue,1,1,7,6,6,4,5,3,
4,6033,Blue,6,4,7,1,6,0,8,1,
4,5066,Red,7,6,5,3,5,8,9,5,
4,2611,Red,8,1,3,5,7,7,7,7,
4,3656,Red,1,1,7,8,9,1,2,9,
Match Number,Team Number,Alliance,
1,5530,Blue,3,9,8,7,6,3,3,7,
1,6150,Blue,7,7,2,9,6,2,2,8,
1,6570,Blue,5,1,0,0,3,5,4,7,
1,3641,Red,1,5,2,8,0,8,2,2,
1,240,Red,7,5,6,5,9,6,4,0,
1,4395,Red,2,9,0,2,7,9,3,9,
2,5222,Blue,7,4,8,4,5,5,2,8,
2,68,Blue,5,1,6,1,1,5,7,9,
2,4384,Blue,4,9,2,1,6,6,8,8,
2,6556,Red,7,9,7,3,4,1,0,2,
2,313,Red,1,2,1,5,0,8,7,1,
2,6190,Red,2,7,9,8,9,2,9,7,
3,3668,Blue,2,1,7,7,6,2,3,1,
3,6101,Blue,5,9,6,5,7,9,4,3,
3,6092,Blue,1,3,9,8,4,1,8,6,
3,5708,Red,1,0,8,9,6,0,8,4,
3,1076,Red,9,0,1,2,4,2,5,9,
3,1528,Red,8,9,9,0,1,2,3,3,
4,5053,Blue,2,6,7,6,2,0,3,0,
4,5603,Blue,2,0,6,5,3,4,4,5,
4,6033,Blue,0,1,5,7,8,2,9,8,
4,5066,Red,8,0,9,4,2,8,4,9,
4,2611,Red,7,5,6,0,2,2,2,9,
4,3656,Red,7,0,9,3,6,9,6,4,
Match Number,Team Number,Alliance,
1,5530,Blue,9,5,1,9,0,3,7,3,
1,6150,Blue,1,1,6,9,9,7,0,4,
1,6570,Blue,2,0,3,1,2,0,1,5,
1,3641,Red,0,4,6,2,3,7,3,0,
1,240,Red,9,9,8,2,3,9,4,1,
1,4395,Red,5,0,6,3,3,9,8,8,
2,5222,Blue,7,3,2,3,8,4,0,9,
2,68,Blue,3,5,9,6,6,4,0,4,
2,4384,Blue,7,5,0,0,9,8,0,3,
2,6556,Red,6,2,5,2,3,8,1,0,
2,313,Red,5,8,5,9,5,0,2,5,
2,6190,Red,8,9,8,8,0,7,4,0,
3,3668,Blue,0,2,5,8,9,8,9,9,
3,6101,Blue,2,8,7,6,8,8,5,5,
3,6092,Blue,3,8,1,8,9,0,8,7,
3,5708,Red,2,5,1,9,9,2,2,8,
3,1076,Red,7,5,1,0,2,3,0,7,
3,1528,Red,8,5,7,6,2,6,6,0,
4,5053,Blue,3,3,4,1,6,6,0,9,
4,5603,Blue,3,7,5,4,6,0,9,9,
4,6033,Blue,5,9,8,3,6,4,2,0,
4,5066,Red,8,3,0,4,3,2,5,6,
4,2611,Red,8,1,5,6,8,1,1,1,
4,3656,Red,4,1,7,4,7,6,0,8,
Match Number,Team Number,Alliance,
1,5530,Blue,9,9,7,2,1,5,2,2,
1,6150,Blue,3,3,6,1,3,0,8,0,
1,6570,Blue,0,8,3,3,0,9,4,0,
1,3641,Red,6,5,4,0,1,4,2,4,
1,240,Red,7,9,6,7,4,8,9,3,
1,4395,Red,5,9,5,5,4,0,0,7,
2,5222,Blue,0,9,0,4,5,2,2,9,
2,68,Blue,5,6,5,5,1,2,1,8,
2,4384,Blue,1,1,4,4,3,1,5,1,
2,6556,Red,9,9,8,1,4,8,6,6,
2,313,Red,5,6,0,2,4,7,8,4,
2,6190,Red,7,7,2,8,2,3,2,3,
3,3668,Blue,7,6,3,2,6,6,3,9,
3,6101,Blue,3,8,5,6,3,0,5,6,
3,6092,Blue,0,9,0,4,1,9,4,3,
3,5708,Red,2,9,6,6,8,7,9,5,
3,1076,Red,6,5,3,8,5,3,9,8,
3,1528,Red,3,0,8,6,2,2,0,7,
4,5053,Blue,1,5,8,3,3,8,1,8,
4,5603,Blue,1,0,0,6,0,7,0,6,
4,6033,Blue,9,9,9,8,6,7,1,7,
4,5066,Red,9,1,1,0,0,8,0,0,
4,2611,Red,8,8,4,3,9,6,1,7,
4,3656,Red,4,4,6,5,3,3,8,6,
Match Number,Team Number,Alliance,
1,5530,Blue,3,0,6,6,8,7,4,8,
1,6150,Blue,2,9,8,3,2,4,0,2,
1,6570,Blue,8,7,2,2,4,5,6,3,
1,3641,Red,8,2,3,4,1,4,9,7,
1,240,Red,3,8,1,2,7,6,4,6,
1,4395,Red,5,6,2,7,9,9,9,6,
2,5222,Blue,1,9,8,8,4,5,7,7,
2,68,Blue,3,2,7,6,4,0,6,8,
2,4384,Blue,9,0,0,3,2,8,4,1,
2,6556,Red,3,6,7,8,3,9,4,8,
2,313,Red,3,7,2,1,5,0,2,7,
2,6190,Red,1,4,9,4,8,8,1,5,
3,3668,Blue,9,3,8,8,9,6,3,3,
3,6101,Blue,4,6,5,8,8,9,4,4,
3,6092,Blue,8,9,2,7,7,5,2,8,
3,5708,Red,7,3,2,8,8,0,3,5,
3,1076,Red,4,2,8,9,1,5,9,6,
3,1528,Red,3,9,6,8,5,4,8,1,
4,5053,Blue,9,4,5,9,5,4,7,4,
4,5603,Blue,1,9,0,5,4,5,4,4,
4,6033,Blue,3,0,4,6,1,4,3,3,
4,5066,Red,9,5,3,7,9,4,3,3,
4,2611,Red,4,0,8,4,4,3,9,9,
4,3656,Red,4,3,8,1,4,3,2,8,
Match Number,Team Number,Alliance,
1,5530,Blue,0,7,6,5,9,6,3,9,
1,6150,Blue,6,8,0,2,9,3,7,4,
1,6570,Blue,8,4,5,1,0,9,0,2,
1,3641,Red,7,3,8,8,3,5,5,7,
1,240,Red,1,3,9,4,0,3,8,9,
1,4395,Red,2,1,0,7,4,5,4,6,
2,5222,Blue,6,4,7,6,3,9,9,1,
2,68,Blue,7,3,7,5,8,5,5,1,
2,4384,Blue,3,2,1,6,4,2,3,5,
2,6556,Red,5,5,9,9,8,3,7,2,
2,313,Red,9,1,1,8,7,9,4,2,
2,6190,Red,3,7,7,6,5,3,1,6,
3,3668,Blue,5,9,3,1,3,7,2,4,
3,6101,Blue,1,1,0,7,9,0,2,3,
3,6092,Blue,5,5,5,6,4,6,3,3,
3,5708,Red,7,9,2,6,5,7,0,2,
3,1076,Red,4,3,3,9,9,6,8,2,
3,1528,Red,9,6,7,5,8,7,2,3,
4,5053,Blue,4,3,0,9,7,4,2,8,
4,5603,Blue,5,9,3,4,4,5,9,4,
4,6033,Blue,1,8,2,5,6,3,4,9,
4,5066,Red,7,3,6,7,9,8,5,9,
4,2611,Red,6,9,1,1,6,0,4,0,
4,3656,Red,1,4,4,9,2,4,7,3,
Match Number,Team Number,Alliance,
1,5530,Blue,6,9,5,1,7,8,1,1,
1,6150,Blue,1,2,2,8,6,7,9,7,
1,6570,Blue,3,6,8,3,9,7,4,8,
1,3641,Red,9,2,9,1,6,3,5,8,
1,240,Red,7,0,5,2,4,1,1,5,
1,4395,Red,9,6,7,1,4,5,2,9,
2,5222,Blue,2,1,1,2,3,5,5,9,
2,68,Blue,5,7,1,4,8,9,5,7,
2,4384,Blue,6,3,1,5,1,7,2,2,
2,6556,Red,4,2,3,3,9,2,4,3,
2,313,Red,0,9,9,4,2,3,5,1,
2,6190,Red,5,6,7,7,9,6,7,9,
3,3668,Blue,0,9,4,0,4,7,7,5,
3,6101,Blue,9,9,7,0,1,1,0,2,
3,6092,Blue,2,7,4,8,0,0,5,3,
3,5708,Red,8,9,0,5,9,5,2,8,
3,1076,Red,5,4,2,9,8,3,8,3,
3,1528,Red,1,4,5,3,5,4,9,3,
4,5053,Blue,6,4,4,1,2,8,8,9,
4,5603,Blue,4,1,2,5,6,2,5,3,
4,6033,Blue,6,9,4,7,9,0,4,9,
4,5066,Red,8,1,6,6,5,2,7,3,
4,2611,Red,0,6,9,5,0,0,6,7,
4,3656,Red,5,2,5,6,0,3,6,9,
Match Number,Team Number,Alliance,
1,5530,Blue,8,5,6,8,5,9,1,3,
1,6150,Blue,2,5,5,9,6,3,5,2,
1,6570,Blue,0,0,1,1,6,5,3,5,
1,3641,Red,9,5,2,4,4,4,5,9,
1,240,Red,8,5,9,4,0,5,1,6,
1,4395,Red,8,5,3,4,5,4,0,8,
2,5222,Blue,1,7,9,2,2,8,0,3,
2,68,Blue,2,0,8,9,6,6,8,8,
2,4384,Blue,0,5,1,1,4,1,1,5,
2,6556,Red,8,4,2,1,1,9,0,5,
2,313,Red,5,4,3,7,5,2,7,0,
2,6190,Red,4,6,2,9,6,1,0,1,
3,3668,Blue,6,5,3,9,3,9,3,9,
3,6101,Blue,5,4,3,8,5,9,1,2,
3,6092,Blue,0,3,4,2,3,1,2,7,
3,5708,Red,8,0,6,7,9,2,8,6,
3,1076,Red,4,1,4,5,5,1,2,5,
3,1528,Red,0,4,2,0,9,8,4,5,
4,5053,Blue,4,9,8,2,7,7,8,5,
4,5603,Blue,2,6,0,2,2,5,9,2,
4,6033,Blue,5,6,4,4,4,6,7,9,
4,5066,Red,1,9,1,9,8,2,8,0,
4,2611,Red,5,1,3,0,3,6,9,6,
4,3656,Red,2,9,2,9,0,9,2,4,
Match Number,Team Number,Alliance,
1,5530,Blue,7,2,3,9,9,6,0,9,
1,6150,Blue,0,3,3,0,1,1,2,8,
1,6570,Blue,5,2,7,8,1,4,4,0,
1,3641,Red,4,8,7,1,4,2,4,3,
1,240,Red,1,9,7,6,7,7,0,4,
1,4395,Red,1,0,6,0,7,1,2,4,
2,5222,Blue,7,7,8,6,2,5,9,2,
2,68,Blue,8,2,5,1,8,9,4,7,
2,4384,Blue,8,0,9,1,4,5,1,7,
2,6556,Red,2,2,6,1,8,3,3,2,
2,313,Red,5,3,3,6,4,8,0,5,
2,6190,Red,9,4,8,4,2,8,5,2,
3,3668,Blue,6,8,1,7,2,1,0,2,
3,6101,Blue,6,0,4,0,9,8,4,4,
3,6092,Blue,9,2,6,5,5,8,3,0,
3,5708,Red,9,4,1,0,7,6,5,3,
3,1076,Red,6,4,5,9,2,6,0,4,
3,1528,Red,3,1,9,3,3,0,5,1,
4,5053,Blue,0,3,5,9,2,0,7,7,
4,5603,Blue,4,1,7,7,9,0,5,0,
4,6033,Blue,5,0,3,5,3,5,2,3,
4,5066,Red,2,2,2,3,8,0,6,8,
4,2611,Red,8,0,9,3,1,6,0,6,
4,3656,Red,7,7,4,1,8,2,4,2,
Match Number,Team Number,Alliance,
1,5530,Blue,2,2,1,9,9,9,4,4,
1,6150,Blue,6,6,6,2,0,2,1,6,
1,6570,Blue,4,9,3,6,5,3,6,7,
1,3641,Red,5,8,1,5,3,5,1,6,
1,240,Red,8,9,0,5,8,6,0,5,
1,4395,Red,6,4,9,7,7,1,7,5,
2,5222,Blue,4,9,0,6,6,6,1,8,
2,68,Blue,6,3,3,1,8,9,1,1,
2,4384,Blue,4,9,4,1,2,6,7,7,
2,6556,Red,8,8,9,0,4,8,0,4,
2,313,Red,1,6,1,3,4,4,0,2,
2,6190,Red,8,1,9,4,3,9,6,7,
3,3668,Blue,3,7,2,7,7,5,2,7,
3,6101,Blue,1,3,8,8,7,0,4,7,
3,6092,Blue,3,9,0,2,7,7,6,0,
3,5708,Red,9,1,3,1,7,3,4,8,
3,1076,Red,1,1,7,6,6,2,6,5,
3,1528,Red,4,3,1,1,5,2,5,7,
4,5053,Blue,6,1,0,3,9,3,0,6,
4,5603,Blue,1,2,8,5,2,0,0,8,
4,6033,Blue,9,0,6,5,2,8,1,1,
4,5066,Red,2,4,8,4,5,5,4,6,
4,2611,Red,6,5,5,6,2,0,8,7,
4,3656,Red,1,1,4,3,3,1,3,3,
Match Number,Team Number,Alliance,
1,5530,Blue,5,4,8,3,0,8,2,4,
1,6150,Blue,7,7,0,5,0,5,9,9,
1,6570,Blue,6,2,6,2,4,4,5,2,
1,3641,Red,9,5,7,5,8,1,9,1,
1,240,Red,4,5,6,8,5,4,4,0,
1,4395,Red,0,8,0,2,7,9,9,1,
2,5222,Blue,4,3,2,2,0,7,0,1,
2,68,Blue,8,6,4,5,0,6,6,6,
2,4384,Blue,8,8,1,5,9,0,3,1,
2,6556,Red,7,5,2,5,3,3,4,9,
2,313,Red,5,6,0,4,8,7,1,6,
2,6190,Red,5,4,0,9,9,9,0,3,
3,3668,Blue,2,4,3,9,8,4,1,4,
3,6101,Blue,0,0,4,4,5,4,7,4,
3,6092,Blue,1,5,9,3,5,1,7,1,
3,5708,Red,7,4,9,4,0,4,2,8,
3,1076,Red,5,8,3,9,9,5,1,0,
3,1528,Red,4,6,4,8,2,6,1,1,
4,5053,Blue,7,5,7,4,9,6,7,0,
4,5603,Blue,6,2,2,4,4,7,3,5,
4,6033,Blue,8,5,9,6,0,8,4,6,
4,5066,Red,4,9,8,9,6,9,8,0,
4,2611,Red,3,8,7,4,6,7,9,8,
4,3656,Red,0,2,3,7,3,7,6,7,
Match Number,Team Number,Alliance,
1,5530,Blue,3,4,2,2,9,2,3,6,
1,6150,Blue,8,7,2,2,9,1,2,2,
1,6570,Blue,0,6,6,8,8,2,4,1,
1,3641,Red,4,2,2,1,1,3,3,4,
1,240,Red,7,4,8,2,4,6,1,3,
1,4395,Red,5,6,6,6,3,1,8,6,
2,5222,Blue,2,4,0,4,6,6,8,0,
2,68,Blue,9,0,8,6,0,1,4,5,
2,4384,Blue,3,8,4,5,3,9,7,3,
2,6556,Red,4,3,2,1,5,7,7,2,
2,313,Red,4,5,9,7,2,9,7,1,
2,6190,Red,5,7,2,3,7,5,2,3,
3,3668,Blue,2,1,3,5,7,3,3,3,
3,6101,Blue,6,6,9,3,3,7,4,2,
3,6092,Blue,3,6,2,4,2,6,2,4,
3,5708,Red,0,3,9,5,6,4,6,8,
3,1076,Red,0,9,9,3,4,1,4,0,
3,1528,Red,1,6,0,6,9,4,8,8,
4,5053,Blue,2,0,0,1,3,8,1,5,
4,5603,Blue,9,8,5,4,4,7,6,2,
4,6033,Blue,0,1,2,4,8,1,8,1,
4,5066,Red,1,2,2,5,6,6,5,5,
4,2611,Red,4,0,2,6,3,5,5,2,
4,3656,Red,7,3,4,5,6,0,5,3,
Match Number,Team Number,Alliance,
1,5530,Blue,1,2,3,0,1,2,5,0,
1,6150,Blue,6,5,2,5,2,9,9,7,
1,6570,Blue,7,3,1,6,2,0,3,9,
1,3641,Red,4,8,1,5,6,2,2,9,
1,240,Red,6,0,4,3,4,9,6,9,
1,4395,Red,9,7,7,3,5,0,5,8,
2,5222,Blue,4,5,8,7,5,1,0,1,
2,68,Blue,9,4,6,3,1,9,3,4,
2,4384,Blue,2,2,9,1,4,6,3,8,
2,6556,Red,7,1,7,5,3,9,3,4,
2,313,Red,2,2,1,1,3,5,4,5,
2,6190,Red,0,2,3,9,3,3,8,9,
3,3668,Blue,3,3,0,2,1,3,3,7,
3,6101,Blue,2,0,0,3,3,5,8,9,
3,6092,Blue,0,1,0,8,8,2,0,7,
3,5708,Red,8,4,1,2,2,3,4,3,
3,1076,Red,3,7,2,0,9,1,3,9,
3,1528,Red,8,3,8,3,4,1,1,4,
4,5053,Blue,4,3,8,2,2,0,1,0,
4,5603,Blue,2,2,4,7,1,1,4,8,
4,6033,Blue,6,6,0,5,3,8,0,9,
4,5066,Red,8,1,9,5,4,7,2,6,
4,2611,Red,2,7,8,9,5,2,1,3,
4,3656,Red,6,1,7,7,6,6,7,7,
Match Number,Team Number,Alliance,
1,5530,Blue,8,5,9,5,0,7,5,3,
1,6150,Blue,7,7,7,7,9,4,7,9,
1,6570,Blue,9,4,7,6,8,9,5,4,
1,3641,Red,6,8,2,4,5,0,0,7,
1,240,Red,5,1,5,0,6,1,9,2,
1,4395,Red,8,9,2,6,4,7,6,6,
2,5222,Blue,4,0,9,1,7,2,7,9,
2,68,Blue,0,4,9,1,5,1,8,6,
2,4384,Blue,7,0,2,8,9,7,2,8,
2,6556,Red,4,4,8,9,6,9,9,8,
2,313,Red,2,5,9,4,0,8,0,2,
2,6190,Red,3,6,9,1,2,8,7,7,
3,3668,Blue,1,5,8,4,4,8,6,7,
3,6101,Blue,7,1,6,2,4,8,2,0,
3,6092,Blue,5,0,9,9,1,3,6,9,
3,5708,Red,9,0,4,3,7,0,6,6,
3,1076,Red,7,0,7,0,0,4,3,3,
3,1528,Red,9,1,7,9,1,7,7,5,
4,5053,Blue,3,8,6,1,8,7,5,8,
4,5603,Blue,9,9,5,4,3,3,0,7,
4,6033,Blue,4,9,5,3,0,2,9,0,
4,5066,Red,6,5,0,0,5,6,8,1,
4,2611,Red,2,8,0,8,3,4,8,9,
4,3656,Red,4,9,0,1,9,9,9,6,
Match Number,Team Number,Alliance,
1,5530,Blue,8,3,4,4,8,1,6,1,
1,6150,Blue,9,6,3,7,0,7,9,7,
1,6570,Blue,6,6,3,0,3,8,3,3,
1,3641,Red,5,0,9,3,5,2,9,1,
1,240,Red,2,4,6,2,3,9,1,1,
1,4395,Red,4,3,1,6,2,5,5,1,
2,5222,Blue,0,8,6,0,5,6,9,0,
2,68,Blue,9,0,8,7,1,2,5,7,
2,4384,Blue,6,1,4,6,0,6,4,6,
2,6556,Red,5,1,5,9,7,7,0,0,
2,313,Red,4,8,3,7,6,9,5,6,
2,6190,Red,5,6,2,2,1,3,0,1,
3,3668,Blue,8,3,9,0,0,9,1,3,
3,6101,Blue,4,9,5,3,0,9,2,2,
3,6092,Blue,9,7,2,3,9,8,1,6,
3,5708,Red,6,8,1,3,3,1,5,1,
3,1076,Red,1,4,1,4,7,0,9,5,
3,1528,Red,6,9,2,6,4,1,6,5,
4,5053,Blue,4,0,2,3,0,7,2,0,
4,5603,Blue,2,2,4,2,8,7,9,2,
4,6033,Blue,4,3,2,6,7,8,4,9,
4,5066,Red,8,7,6,9,5,4,2,4,
4,2611,Red,1,5,8,3,9,1,0,4,
4,3656,Red,2,1,1,5,5,6,6,8,
Match Number,Team Number,Alliance,
1,5530,Blue,7,2,2,6,8,7,6,9,
1,6150,Blue,1,6,3,5,3,1,3,5,
1,6570,Blue,3,4,9,9,8,3,8,5,
1,3641,Red,9,3,2,5,8,5,3,0,
1,240,Red,7,2,2,9,8,9,8,3,
1,4395,Red,3,9,4,7,4,7,0,1,
2,5222,Blue,5,0,7,8,2,1,9,4,
2,68,Blue,3,7,7,5,4,0,1,5,
2,4384,Blue,3,2,8,1,9,3,6,3,
2,6556,Red,5,5,6,9,9,1,0,1,
2,313,Red,3,1,0,8,7,4,8,5,
2,6190,Red,2,7,5,1,2,3,8,2,
3,3668,Blue,8,8,4,2,9,8,2,1,
3,6101,Blue,4,4,2,7,5,9,5,2,
3,6092,Blue,6,5,2,3,9,2,8,8,
3,5708,Red,4,2,8,1,8,4,0,2,
3,1076,Red,6,3,1,0,6,8,2,4,
3,1528,Red,9,8,3,2,1,0,0,3,
4,5053,Blue,1,2,4,6,1,5,2,5,
4,5603,Blue,0,5,7,7,0,0,3,9,
4,6033,Blue,4,0,0,2,8,4,6,8,
4,5066,Red,3,7,4,1,8,5,7,3,
4,2611,Red,2,5,0,6,0,4,1,1,
4,3656,Red,0,5,0,0,1,5,3,8,
Match Number,Team Number,Alliance,
1,5530,Blue,2,3,9,9,6,4,9,8,
1,6150,Blue,1,2,8,4,8,3,4,9,
1,6570,Blue,0,2,7,0,0,7,0,9,
1,3641,Red,8,3,9,7,1,2,6,4,
1,240,Red,6,5,3,7,6,8,2,9,
1,4395,Red,5,3,7,0,2,4,5,0,
2,5222,Blue,2,6,6,9,0,9,3,4,
2,68,Blue,2,0,1,2,4,2,6,8,
2,4384,Blue,5,4,8,3,9,6,2,1,
2,6556,Red,9,8,4,6,9,9,6,3,
2,313,Red,8,9,4,4,6,6,3,7,
2,6190,Red,2,9,5,6,7,0,4,3,
3,3668,Blue,6,9,5,8,6,2,0,6,
3,6101,Blue,4,4,0,2,4,7,5,2,
3,6092,Blue,4,7,4,4,7,2,2,8,
3,5708,Red,0,1,0,0,1,5,4,9,
3,1076,Red,3,1,9,0,4,7,7,6,
3,1528,Red,9,8,9,1,6,1,2,4,
4,5053,Blue,3,2,2,9,6,0,5,4,
4,5603,Blue,6,6,8,5,1,9,5,9,
4,6033,Blue,0,0,8,3,7,5,8,6,
4,5066,Red,0,7,4,9,3,0,1,8,
4,2611,Red,8,6,7,8,2,5,3,3,
4,3656,Red,5,5,3,7,9,1,5,0,
Match Number,Team Number,Alliance,
1,5530,Blue,4,8,6,7,5,7,7,0,
1,6150,Blue,3,3,9,7,5,8,1,9,
1,6570,Blue,1,0,8,8,4,0,2,9,
1,3641,Red,0,7,4,8,1,3,0,0,
1,240,Red,8,2,9,0,0,1,0,6,
1,4395,Red,6,7,1,3,3,7,9,1,
2,5222,Blue,1,7,6,6,6,1,3,4,
2,68,Blue,5,6,6,7,2,9,8,9,
2,4384,Blue,3,9,9,3,9,1,9,0,
2,6556,Red,0,1,2,7,8,9,6,2,
2,313,Red,7,2,6,3,6,3,4,6,
2,6190,Red,9,5,4,3,4,2,4,7,
3,3668,Blue,9,1,9,4,7,6,2,0,
3,6101,Blue,8,5,6,4,9,5,5,6,
3,6092,Blue,0,4,0,9,3,5,3,0,
3,5708,Red,5,3,3,3,6,6,6,7,
3,1076,Red,6,5,7,6,9,2,5,1,
3,1528,Red,9,5,5,0,7,9,7,3,
4,5053,Blue,9,8,2,0,2,5,3,3,
4,5603,Blue,8,9,9,4,2,9,4,1,
4,6033,Blue,9,8,7,3,7,8,6,8,
4,5066,Red,9,8,9,8,0,2,2,5,
4,2611,Red,6,0,4,8,3,6,5,1,
4,3656,Red,1,4,7,0,2,0,8,0,
Match Number,Team Number,Alliance,
1,5530,Blue,1,7,7,6,7,4,2,9,
1,6150,Blue,4,1,4,1,7,2,9,3,
1,6570,Blue,9,3,5,7,5,1,2,0,
1,3641,Red,7,4,6,0,3,3,3,8,
1,240,Red,7,2,8,0,5,0,6,8,
1,4395,Red,9,8,0,3,1,6,0,9,
2,5222,Blue,5,5,1,4,4,4,2,9,
2,68,Blue,5,6,9,2,7,2,5,0,
2,4384,Blue,8,5,4,4,4,9,7,8,
2,6556,Red,6,7,8,6,1,8,9,0,
2,313,Red,4,7,4,8,2,9,4,2,
2,6190,Red,0,9,5,9,0,3,0,7,
3,3668,Blue,2,0,5,5,2,5,4,5,
3,6101,Blue,8,3,7,7,6,5,8,6,
3,6092,Blue,7,9,8,9,7,7,8,9,
3,5708,Red,1,1,4,5,4,8,7,3,
3,1076,Red,6,0,4,0,3,3,8,8,
3,1528,Red,2,9,9,9,1,6,5,4,
4,5053,Blue,0,8,2,1,5,0,0,5,
4,5603,Blue,2,5,4,0,1,9,1,0,
4,6033,Blue,5,3,1,6,1,7,3,3,
4,5066,Red,1,9,7,8,7,9,7,4,
4,2611,Red,6,9,4,5,5,6,8,5,
4,3656,Red,0,8,8,7,9,7,7,3,
Match Number,Team Number,Alliance,
1,5530,Blue,3,2,6,6,1,4,6,0,
1,6150,Blue,6,2,6,3,5,0,4,1,
1,6570,Blue,9,8,0,4,4,7,4,5,
1,3641,Red,4,1,2,7,1,5,2,5,
1,240,Red,7,9,0,3,8,1,5,0,
1,4395,Red,2,0,8,1,6,8,0,5,
2,5222,Blue,0,9,9,0,2,2,1,5,
2,68,Blue,7,0,2,0,1,9,9,0,
2,4384,Blue,0,1,5,5,9,1,2,7,
2,6556,Red,2,0,1,4,9,3,9,6,
2,313,Red,0,7,6,2,6,1,2,5,
2,6190,Red,8,4,5,7,9,4,9,3,
3,3668,Blue,1,7,1,5,2,4,5,8,
3,6101,Blue,6,1,7,2,0,6,6,4,
3,6092,Blue,1,5,9,3,2,7,4,8,
3,5708,Red,8,0,7,4,5,4,8,7,
3,1076,Red,0,8,3,1,2,3,3,6,
3,1528,Red,2,7,5,4,3,0,4,1,
4,5053,Blue,8,1,6,3,5,5,1,4,
4,5603,Blue,3,2,6,2,7,0,3,2,
4,6033,Blue,3,0,1,2,3,5,1,7,
4,5066,Red,2,3,1,4,1,0,4,8,
4,2611,Red,6,5,6,4,8,5,2,4,
4,3656,Red,6,9,8,9,7,1,9,1,
