Quals 1
4568	5710	3098	6538	4819	5853
Quals 2
3641	240	4395	5530	6150	6570
Quals 3
6556	313	6190	5222	68	4384
Quals 4
5708	1076	1528	3668	6101	6092
Quals 5
5066	2611	3656	5053	5603	6033
Quals 6
4405	3322	5688	5263	1023	862
Quals 7
5144	3098	5067	3773	1502	6556
Quals 8
3668	5222	6150	5708	5066	5603
Quals 9
6570	5853	240	6190	5688	3656
Quals 10
1076	4384	6092	1023	5067	4819
Quals 11
3773	2611	4395	4405	313	68
Quals 12
6538	5530	5263	6033	862	3322
Quals 13
1528	3641	5710	5144	4568	5053
Quals 14
6150	1502	6092	6101	3656	4395
Quals 15
4384	1023	6538	3322	5708	3773
Quals 16
313	3098	5603	1528	68	6570
Quals 17
862	6101	4819	5066	6556	3668
Quals 18
5710	6190	6033	5530	5067	1076
Quals 19
5144	4405	5263	5853	4568	5222
Quals 20
2611	3641	5053	1502	5688	240
Quals 21
1023	5710	6570	4384	1528	4395
Quals 22
6101	3773	3098	4568	5263	6033
Quals 23
5067	68	3668	240	3322	5222
Quals 24
1502	3656	4819	862	2611	313
Quals 25
6092	5688	6556	6150	6538	4405
Quals 26
5853	5603	1076	5530	5144	5708
Quals 27
5066	5053	6101	1023	6190	3641
Quals 28
2611	6150	3322	4819	3098	68
Quals 29
6538	3773	5067	5603	5688	1528
Quals 30
4568	6570	3641	5708	1502	862
Quals 31
313	4384	5144	5710	3668	3656
Quals 32
5530	240	6033	4405	6092	5222
Quals 33
5263	5053	6556	1076	4395	6190
Quals 34
5066	1528	3773	5853	3656	3322
Quals 35
6538	6092	68	6101	5067	1502
Quals 36
1076	5222	313	4568	6150	4384
Quals 37
5053	5853	5688	6570	6033	3668
Quals 38
4819	240	6190	3641	5263	5603
Quals 39
1023	5530	2611	5710	6556	5708
Quals 40
4395	4405	3098	5066	862	5144
Quals 41
3322	313	4568	5603	6101	240
Quals 42
5688	3668	3773	1502	1076	2611
Quals 43
5710	6538	5066	6570	6092	3098
Quals 44
5530	68	5053	4384	5263	5067
Quals 45
4405	6556	1023	3656	5708	5222
Quals 46
1528	6190	862	4395	5144	6150
Quals 47
5853	6033	68	3641	4819	6092
Quals 48
5530	4405	5603	3668	3322	3098
Quals 49
6101	6556	5144	240	5053	6538
Quals 50
5066	5222	6570	1076	3773	5710
Quals 51
1023	6033	3656	6190	5263	1502
Quals 52
5708	4384	4819	5688	4395	4568
Quals 53
862	3641	6150	313	5067	5853
Quals 54
2611	6570	5263	1528	5144	6092
Quals 55
4568	4819	3668	5066	1023	240
Quals 56
4405	6033	1502	4384	5603	5710
Quals 57
6150	3098	5708	3322	6190	5053
Quals 58
3656	862	1076	68	3641	3773
Quals 59
6556	5530	5853	313	6538	1528
Quals 60
5067	4395	5222	2611	6101	5688
Quals 61
3322	1023	6092	3641	5144	6033
Quals 62
3656	4384	240	6538	1076	3098
Quals 63
5688	5708	5067	313	5066	5263
Quals 64
6101	6150	5710	862	3773	5530
Quals 65
1502	5053	5222	4405	1528	4819
Quals 66
6190	3668	2611	6556	4568	68
Quals 67
5603	6570	5067	4395	5853	1023
Quals 68
5144	4819	5688	313	5530	6101
Quals 69
3773	6092	4568	3098	3656	5053
Quals 70
6033	5066	4384	1528	240	6556
Quals 71
68	1076	6150	4405	5708	6570
Quals 72
5603	1502	3322	5853	5710	5263
Quals 73
3668	4395	862	5222	6538	3641
Quals 74
6190	4568	5708	2611	4405	5067
Quals 75
3098	1528	6033	1023	313	6150
Quals 76
1502	5710	5144	68	5066	5688
Quals 77
240	862	6092	3773	5603	6190
Quals 78
6538	6570	3656	5530	5222	4819
Quals 79
5263	3322	4395	5053	3668	1076
Quals 80
3641	5853	6101	6556	2611	4384